Trajectory 2 — Laser Power / Cool Time per Layer
 Layer      LP [W]    CoolTime [s]
----------------------------------
     1       200.0          0.1400
     2       100.0          0.1400
     3       240.0          0.1400
     4       380.0          0.1400
     5       330.0          0.1400
     6       100.0          0.1400
     7       380.0          0.1400
     8       390.0          0.1400
     9       400.0          0.1400
    10       340.0          0.1400
    11       320.0          0.1400
    12       230.0          0.1400
