Trajectory 0 — Laser Power / Cool Time per Layer
 Layer      LP [W]    CoolTime [s]
----------------------------------
     1       270.0          0.1100
     2       280.0          0.1100
     3       140.0          0.1100
     4       120.0          0.1100
     5       230.0          0.1100
     6       390.0          0.1100
     7       310.0          0.1100
     8       280.0          0.1100
     9       270.0          0.1100
    10       380.0          0.1100
    11       150.0          0.1100
    12       210.0          0.1100
