Trajectory 1 — Laser Power / Cool Time per Layer
 Layer      LP [W]    CoolTime [s]
----------------------------------
     1       190.0          0.1000
     2       290.0          0.1000
     3       200.0          0.1000
     4       140.0          0.1000
     5       170.0          0.1000
     6       380.0          0.1000
     7       190.0          0.1000
     8       260.0          0.1000
     9       310.0          0.1000
    10       400.0          0.1000
    11       340.0          0.1000
    12       360.0          0.1000
