Trajectory 2 — Laser Power / Cool Time per Layer
 Layer      LP [W]    CoolTime [s]
----------------------------------
     1       250.0          0.1100
     2       320.0          0.1100
     3       240.0          0.1100
     4       180.0          0.1100
     5       120.0          0.1100
     6       120.0          0.1100
     7       110.0          0.1100
     8       310.0          0.1100
     9       140.0          0.1100
    10       220.0          0.1100
    11       180.0          0.1100
    12       370.0          0.1100
