Trajectory 1 — Laser Power / Cool Time per Layer
 Layer      LP [W]    CoolTime [s]
----------------------------------
     1       350.0          0.0500
     2       400.0          0.0500
     3       230.0          0.0500
     4       160.0          0.0500
     5       390.0          0.0500
     6       260.0          0.0500
     7       390.0          0.0500
     8       190.0          0.0500
     9       170.0          0.0500
    10       250.0          0.0500
    11       310.0          0.0500
    12       170.0          0.0500
