Trajectory 0 — Laser Power / Cool Time per Layer
 Layer      LP [W]    CoolTime [s]
----------------------------------
     1       300.0          0.1400
     2       370.0          0.1400
     3       270.0          0.1400
     4       160.0          0.1400
     5       120.0          0.1400
     6       340.0          0.1400
     7       180.0          0.1400
     8       210.0          0.1400
     9       400.0          0.1400
    10       300.0          0.1400
    11       190.0          0.1400
    12       270.0          0.1400
